Dax: 78%
CAC: 72%
FTSE: 85%
Dow: 86%
Nik: 91%
Oz: 77%

-- 05/06/2014

Dax: 8 -159    0 -151
CAC: -29   0 -29 -58
FTSE 0 -92  -5 -97
Dow: -112    0    0 -112
Nik: 204  88   0 292
Oz: 0 0 0 0 -> 3 -63   1 -59

    

== 04/06/2014

Dax: 20 -147  -18 -145
CAC: 44   0  56 100
FTSE 0 -8  0 -8
Dow: -112    0    0 -112
Nik: 148   0   0 148
Oz: -13   0   0 -13


-- 03/06/2014

Dax: 131 -27   6 110
CAC: 40 -166    4 -122
FTSE  0 -23  20  -3
Dow: -68   0   0 -68
Nik: -199  -50  -50 -299	+8		(206)
Oz: 24 -23   0   1		-35		(14)


-- 02/06/2014

Dax: 217   0 -54 163		-30
CAC:  -80    1  -54 -133	+10
FTSE  0 10  0 10		-28
Dow: -183    0    0 -183	+14
Nik: 121   0   0 121		-60
Oz: 20  68 -26  62		-39		(+11)


-- 30/05

Dax: 231  87  87 405		+7		(+2)
CAC:  -13 -107  -44 -164	+8
FTSE
Dow: -210    0    0 -210	-27		(+13)
Nik: 0 149   0 149		+205		(+198)
Oz: 47  0  0 47			+28		(+50)


Week of 26th - +109 (3 days ...)
-- 29/05  -35

Dax:  0 -75   8 -67		-17		(-5)
CAC:  107  90 -13 184		+9		(+19)
FTSE: 0 -248    0 -248		+27		(+40)
Dow:  21  0  0 21		+20		(+40)
Nik:  0 149   0 149		-100		(-7)
Oz:  -9  0  0 -9		+26		(+22)



-- 28/05    +138
Dax:  73  0  0 73			+1 		(+12)
CAC: 76 -11   0  65			+6		(+10)
FTSE:118 -95  61  84           		+20		(+13)
Dow: 0 0 0 0 =>  114  13 -51  76	+61		(+20)
Nik: 107   0   0 107		 	+43		(+93)
Oz:  0 0 0 0 => 381 -300  -83   -2	+7		(-4)


--- 27/05/2014     
Dax:  -7  0  0 -7		+11
CAC: 54  -3 -11  40		+4
FTSE:0 -148    0 -148           -7
Dow: -15  48   0  33		-41
Nik: 65  0  0 65		+50 
Oz:  -78   0   0 -78		-11

--- 26/05/2014 (... mmm hols?)
Dax:  37 -222  -22 -207
CAC: -432 -225  117 -540



---------- 23/05/2015
Dax:  -81  -74    0 -155	
CAC: 32  0  0 32
FTSE: 71 -121   28  -22
Dow: 0 -135   32 -103
Nik: 210   0   0 210
Oz: -26   0  12 -14

